bscName|superChannelGroup|sapi|lbg|mcltul
BAA01|502|0|0|1
BAA01|502|1|0|1
BAA01|502|2|0|1
BAA01|502|3|0|1
BAA01|502|4|0|1
BAA01|502|5|0|1
BAA01|502|6|0|1
BAA01|502|7|0|1
BAA01|502|8|0|1
BAA01|502|9|0|1
BAA01|502|10|0|1
BAA01|502|11|0|1
BAA01|502|12|0|1
BAA01|502|13|0|1
BAA01|502|14|0|1
BAA01|502|15|0|1
BAA01|502|16|0|1
BAA01|502|17|0|1
BAA01|502|18|0|1
BAA01|502|19|0|1
BAA01|502|20|0|1
BAA01|502|21|0|1
BAA01|502|22|0|1
BAA01|502|23|0|1
BAA01|502|24|0|1
BAA01|502|25|0|1
BAA01|502|26|0|1
BAA01|502|27|0|1
BAA01|502|28|0|1
BAA01|502|29|0|1
BAA01|502|30|0|1
BAA01|502|31|0|1
BAA01|502|32|0|1
BAA01|502|33|0|1
BAA01|502|34|0|1
BAA01|502|35|0|1
BAA01|502|36|0|1
BAA01|502|37|0|1
BAA01|502|38|0|1
BAA01|502|39|0|1
BAA01|502|40|0|1
BAA01|502|41|0|1
BAA01|502|42|0|1
BAA01|502|43|0|1
BAA01|502|44|0|1
BAA01|502|45|0|1
BAA01|502|46|0|1
BAA01|502|47|0|1
BAA01|502|48|0|1
BAA01|502|49|0|1
BAA01|502|50|0|1
BAA01|502|51|0|1
BAA01|502|52|0|1
BAA01|502|53|0|1
BAA01|502|54|0|1
BAA01|502|55|0|1
BAA01|502|56|0|1
BAA01|502|57|0|1
BAA01|502|58|0|1
BAA01|502|59|0|1
BAA01|502|60|0|1
BAA01|502|61|0|1
BAA01|502|62|0|1
BAA01|502|63|0|1
BAA01|502|64|0|1
BAA01|502|65|0|1
BAA01|502|66|0|1
BAA01|502|67|0|1
BAA01|502|68|0|1
BAA01|502|69|0|1
BAA01|502|70|0|1
BAA01|502|71|0|1
BAA01|502|72|0|1
BAA01|502|73|0|1
BAA01|502|74|0|1
BAA01|502|75|0|1
BAA01|502|76|0|1
BAA01|502|77|0|1
BAA01|502|78|0|1
BAA01|502|79|0|1
BAA01|502|80|0|1
BAA01|502|81|0|1
BAA01|502|82|0|1
BAA01|502|83|0|1
BAA01|502|84|0|1
BAA01|502|85|0|1
BAA01|502|86|0|1
BAA01|502|87|0|1
BAA01|502|88|0|1
BAA01|502|89|0|1
BAA01|502|90|0|1
BAA01|502|91|0|1
BAA01|502|92|0|1
BAA01|502|93|0|1
BAA01|502|94|0|1
BAA01|502|95|0|1
BAA01|502|96|0|1
BAA01|502|97|0|1
BAA01|502|98|0|1
BAA01|502|99|0|1
BAA01|502|100|0|1
BAA01|502|101|0|1
BAA01|502|102|0|1
BAA01|502|103|0|1
BAA01|502|104|0|1
BAA01|502|105|0|1
BAA01|502|106|0|1
BAA01|502|107|0|1
BAA01|502|108|0|1
BAA01|502|109|0|1
BAA01|502|110|0|1
BAA01|502|111|0|1
BAA01|502|112|0|1
BAA01|502|113|0|1
BAA01|502|114|0|1
BAA01|502|115|0|1
BAA01|502|116|0|1
BAA01|502|117|0|1
BAA01|502|118|0|1
BAA01|502|119|0|1
BAA01|502|120|0|1
BAA01|502|121|0|1
BAA01|502|122|0|1
BAA01|502|123|0|1
BAA01|502|124|0|1
BAA01|502|125|0|1
BAA01|502|126|0|1
BAA01|502|127|0|1
BAA01|502|128|0|1
BAA01|502|129|0|1
BAA01|502|130|0|1
BAA01|502|131|0|1
BAA01|502|132|0|1
BAA01|502|133|0|1
BAA01|502|134|0|1
BAA01|502|135|0|1
BAA01|502|136|0|1
BAA01|502|137|0|1
BAA01|502|138|0|1
BAA01|502|139|0|1
BAA01|502|140|0|1
BAA01|502|141|0|1
BAA01|502|142|0|1
BAA01|502|143|0|1
BAA01|502|144|0|1
BAA01|502|145|0|1
BAA01|502|146|0|1
BAA01|502|147|0|1
BAA01|502|148|0|1
BAA01|502|149|0|1
BAA01|502|150|0|1
BAA01|502|151|0|1
BAA01|502|152|0|1
BAA01|502|153|0|1
BAA01|502|154|0|1
BAA01|502|155|0|1
BAA01|502|156|0|1
BAA01|502|157|0|1
BAA01|502|158|0|1
BAA01|502|159|0|1
BAA01|502|160|0|1
BAA01|502|161|0|1
BAA01|502|162|0|1
BAA01|502|163|0|1
BAA01|502|164|0|1
BAA01|502|165|0|1
BAA01|502|166|0|1
BAA01|502|167|0|1
BAA01|502|168|0|1
BAA01|502|169|0|1
BAA01|502|170|0|1
BAA01|502|171|0|1
BAA01|502|172|0|1
BAA01|502|173|0|1
BAA01|502|174|0|1
BAA01|502|175|0|1
BAA01|502|176|0|1
BAA01|502|177|0|1
BAA01|502|178|0|1
BAA01|502|179|0|1
BAA01|502|180|0|1
BAA01|502|181|0|1
BAA01|502|182|0|1
BAA01|502|183|0|1
BAA01|502|184|0|1
BAA01|502|185|0|1
BAA01|502|186|0|1
BAA01|502|187|0|1
BAA01|502|188|0|1
BAA01|502|189|0|1
BAA01|502|190|0|1
BAA01|502|191|0|1
BAA01|502|192|0|1
BAA01|502|193|0|1
BAA01|502|194|0|1
BAA01|502|195|0|1
BAA01|502|196|0|1
BAA01|502|197|0|1
BAA01|502|198|0|1
BAA01|502|199|0|1
BAA01|502|200|0|1
BAA01|502|201|0|1
BAA01|502|202|0|1
BAA01|502|203|0|1
BAA01|502|204|0|1
BAA01|502|205|0|1
BAA01|502|206|0|1
BAA01|502|207|0|1
BAA01|502|208|0|1
BAA01|502|209|0|1
BAA01|502|210|0|1
BAA01|502|211|0|1
BAA01|502|212|0|1
BAA01|502|213|0|1
BAA01|502|214|0|1
BAA01|502|215|0|1
BAA01|502|216|0|1
BAA01|502|217|0|1
BAA01|502|218|0|1
BAA01|502|219|0|1
BAA01|502|220|0|1
BAA01|502|221|0|1
BAA01|502|222|0|1
BAA01|502|223|0|1
BAA01|502|224|0|1
BAA01|502|225|0|1
BAA01|502|226|0|1
BAA01|502|227|0|1
BAA01|502|228|0|1
BAA01|502|229|0|1
BAA01|502|230|0|1
BAA01|502|231|0|1
BAA01|502|232|0|1
BAA01|502|233|0|1
BAA01|502|234|0|1
BAA01|502|235|0|1
BAA01|502|236|0|1
BAA01|502|237|0|1
BAA01|502|238|0|1
BAA01|502|239|0|1
BAA01|502|240|0|1
BAA01|502|241|0|1
BAA01|502|242|0|1
BAA01|502|243|0|1
BAA01|502|244|0|1
BAA01|502|245|0|1
BAA01|502|246|0|1
BAA01|502|247|0|1
BAA01|502|248|0|1
BAA01|502|249|0|1
BAA01|502|250|0|1
BAA01|502|251|0|1
BAA01|502|252|0|1
BAA01|502|253|0|1
BAA01|502|254|0|1
BAA01|502|255|0|1
BAA01|502|256|0|1
BAA01|502|257|0|1
BAA01|502|258|0|1
BAA01|502|259|0|1
BAA01|502|260|0|1
BAA01|502|261|0|1
BAA01|502|262|0|1
BAA01|502|263|0|1
BAA01|502|264|0|1
BAA01|502|265|0|1
BAA01|502|266|0|1
BAA01|502|267|0|1
BAA01|502|268|0|1
BAA01|502|269|0|1
BAA01|502|270|0|1
BAA01|502|271|0|1
BAA01|502|272|0|1
BAA01|502|273|0|1
BAA01|502|274|0|1
BAA01|502|275|0|1
BAA01|502|276|0|1
BAA01|502|277|0|1
BAA01|502|278|0|1
BAA01|502|279|0|1
BAA01|502|280|0|1
BAA01|502|281|0|1
BAA01|502|282|0|1
BAA01|502|283|0|1
BAA01|502|284|0|1
BAA01|502|285|0|1
BAA01|502|286|0|1
BAA01|502|287|0|1
BAA01|502|288|0|1
BAA01|502|289|0|1
BAA01|502|290|0|1
BAA01|502|291|0|1
BAA01|502|292|0|1
BAA01|502|293|0|1
BAA01|502|294|0|1
BAA01|502|295|0|1
BAA01|502|296|0|1
BAA01|502|297|0|1
BAA01|502|298|0|1
BAA01|502|299|0|1
BAA01|502|300|0|1
BAA01|502|301|0|1
BAA01|502|302|0|1
BAA01|502|303|0|1
BAA01|502|304|0|1
BAA01|502|305|0|1
BAA01|502|306|0|1
BAA01|502|307|0|1
BAA01|502|308|0|1
BAA01|502|309|0|1
BAA01|502|310|0|1
BAA01|502|311|0|1
BAA01|502|312|0|1
BAA01|502|313|0|1
BAA01|502|314|0|1
BAA01|502|315|0|1
BAA01|502|316|0|1
BAA01|502|317|0|1
BAA01|502|318|0|1
BAA01|502|319|0|1
BAA01|502|320|0|1
BAA01|502|321|0|1
BAA01|502|322|0|1
BAA01|502|323|0|1
BAA01|502|324|0|1
BAA01|502|325|0|1
BAA01|502|326|0|1
BAA01|502|327|0|1
BAA01|502|328|0|1
BAA01|502|329|0|1
BAA01|502|330|0|1
BAA01|502|331|0|1
BAA01|502|332|0|1
BAA01|502|333|0|1
BAA01|502|334|0|1
BAA01|502|335|0|1
BAA01|502|336|0|1
BAA01|502|337|0|1
BAA01|502|338|0|1
BAA01|502|339|0|1
BAA01|502|340|0|1
BAA01|502|341|0|1
BAA01|502|342|0|1
BAA01|502|343|0|1
BAA01|502|344|0|1
BAA01|502|345|0|1
BAA01|502|346|0|1
BAA01|502|347|0|1
BAA01|502|348|0|1
BAA01|502|349|0|1
BAA01|502|350|0|1
BAA01|502|351|0|1
BAA01|502|352|0|1
BAA01|502|353|0|1
BAA01|502|354|0|1
BAA01|502|355|0|1
BAA01|502|356|0|1
BAA01|502|357|0|1
BAA01|502|358|0|1
BAA01|502|359|0|1
BAA01|502|360|0|1
BAA01|502|361|0|1
BAA01|502|362|0|1
BAA01|502|363|0|1
BAA01|502|364|0|1
BAA01|502|365|0|1
BAA01|502|366|0|1
BAA01|502|367|0|1
BAA01|502|368|0|1
BAA01|502|369|0|1
BAA01|502|370|0|1
BAA01|502|371|0|1
BAA01|502|372|0|1
BAA01|502|373|0|1
BAA01|502|374|0|1
BAA01|502|375|0|1
BAA01|502|376|0|1
BAA01|502|377|0|1
BAA01|502|378|0|1
BAA01|502|379|0|1
BAA01|502|380|0|1
BAA01|502|381|0|1
BAA01|502|382|0|1
BAA01|502|383|0|1
BAA01|502|384|0|1
BAA01|502|385|0|1
BAA01|502|386|0|1
BAA01|502|387|0|1
BAA01|502|388|0|1
BAA01|502|389|0|1
BAA01|502|390|0|1
BAA01|502|391|0|1
BAA01|502|392|0|1
BAA01|502|393|0|1
BAA01|502|394|0|1
BAA01|502|395|0|1
BAA01|502|396|0|1
BAA01|502|397|0|1
BAA01|502|398|0|1
BAA01|502|399|0|1
BIE01|502|0|0|1
BAA01|502|0|0|1
BAA01|502|1|0|1
BAA01|502|2|0|1
BAA01|502|3|0|1
BAA01|502|4|0|1
BAA01|502|5|0|1
BAA01|502|6|0|1
BAA01|502|7|0|1
BAA01|502|8|0|1
BAA01|502|9|0|1
BAA01|502|10|0|1
BAA01|502|11|0|1
BAA01|502|12|0|1
BAA01|502|13|0|1
BAA01|502|14|0|1
BAA01|502|15|0|1
BAA01|502|16|0|1
BAA01|502|17|0|1
BAA01|502|18|0|1
BAA01|502|19|0|1
BAA01|502|20|0|1
BAA01|502|21|0|1
BAA01|502|22|0|1
BAA01|502|23|0|1
BAA01|502|24|0|1
BAA01|502|25|0|1
BAA01|502|26|0|1
BAA01|502|27|0|1
BAA01|502|28|0|1
BAA01|502|29|0|1
BAA01|502|30|0|1
BAA01|502|31|0|1
BAA01|502|32|0|1
BAA01|502|33|0|1
BAA01|502|34|0|1
BAA01|502|35|0|1
BAA01|502|36|0|1
BAA01|502|37|0|1
BAA01|502|38|0|1
BAA01|502|39|0|1
BAA01|502|40|0|1
BAA01|502|41|0|1
BAA01|502|42|0|1
BAA01|502|43|0|1
BAA01|502|44|0|1
BAA01|502|45|0|1
BAA01|502|46|0|1
BAA01|502|47|0|1
BAA01|502|48|0|1
BAA01|502|49|0|1
BAA01|502|50|0|1
BAA01|502|51|0|1
BAA01|502|52|0|1
BAA01|502|53|0|1
BAA01|502|54|0|1
BAA01|502|55|0|1
BAA01|502|56|0|1
BAA01|502|57|0|1
BAA01|502|58|0|1
BAA01|502|59|0|1
BAA01|502|60|0|1
BAA01|502|61|0|1
BAA01|502|62|0|1
BAA01|502|63|0|1
BAA01|502|64|0|1
BAA01|502|65|0|1
BAA01|502|66|0|1
BAA01|502|67|0|1
BAA01|502|68|0|1
BAA01|502|69|0|1
BAA01|502|70|0|1
BAA01|502|71|0|1
BAA01|502|72|0|1
BAA01|502|73|0|1
BAA01|502|74|0|1
BAA01|502|75|0|1
BAA01|502|76|0|1
BAA01|502|77|0|1
BAA01|502|78|0|1
BAA01|502|79|0|1
BAA01|502|80|0|1
BAA01|502|81|0|1
BAA01|502|82|0|1
BAA01|502|83|0|1
BAA01|502|84|0|1
BAA01|502|85|0|1
BAA01|502|86|0|1
BAA01|502|87|0|1
BAA01|502|88|0|1
BAA01|502|89|0|1
BAA01|502|90|0|1
BAA01|502|91|0|1
BAA01|502|92|0|1
BAA01|502|93|0|1
BAA01|502|94|0|1
BAA01|502|95|0|1
BAA01|502|96|0|1
BAA01|502|97|0|1
BAA01|502|98|0|1
BAA01|502|99|0|1
BAA01|502|100|0|1
BAA01|502|101|0|1
BAA01|502|102|0|1
BAA01|502|103|0|1
BAA01|502|104|0|1
BAA01|502|105|0|1
BAA01|502|106|0|1
BAA01|502|107|0|1
BAA01|502|108|0|1
BAA01|502|109|0|1
BAA01|502|110|0|1
BAA01|502|111|0|1
BAA01|502|112|0|1
BAA01|502|113|0|1
BAA01|502|114|0|1
BAA01|502|115|0|1
BAA01|502|116|0|1
BAA01|502|117|0|1
BAA01|502|118|0|1
BAA01|502|119|0|1
BAA01|502|120|0|1
BAA01|502|121|0|1
BAA01|502|122|0|1
BAA01|502|123|0|1
BAA01|502|124|0|1
BAA01|502|125|0|1
BAA01|502|126|0|1
BAA01|502|127|0|1
BAA01|502|128|0|1
BAA01|502|129|0|1
BAA01|502|130|0|1
BAA01|502|131|0|1
BAA01|502|132|0|1
BAA01|502|133|0|1
BAA01|502|134|0|1
BAA01|502|135|0|1
BAA01|502|136|0|1
BAA01|502|137|0|1
BAA01|502|138|0|1
BAA01|502|139|0|1
BAA01|502|140|0|1
BAA01|502|141|0|1
BAA01|502|142|0|1
BAA01|502|143|0|1
BAA01|502|144|0|1
BAA01|502|145|0|1
BAA01|502|146|0|1
BAA01|502|147|0|1
BAA01|502|148|0|1
BAA01|502|149|0|1
BAA01|502|150|0|1
BAA01|502|151|0|1
BAA01|502|152|0|1
BAA01|502|153|0|1
BAA01|502|154|0|1
BAA01|502|155|0|1
BAA01|502|156|0|1
BAA01|502|157|0|1
BAA01|502|158|0|1
BAA01|502|159|0|1
BAA01|502|160|0|1
BAA01|502|161|0|1
BAA01|502|162|0|1
BAA01|502|163|0|1
BAA01|502|164|0|1
BAA01|502|165|0|1
BAA01|502|166|0|1
BAA01|502|167|0|1
BAA01|502|168|0|1
BAA01|502|169|0|1
BAA01|502|170|0|1
BAA01|502|171|0|1
BAA01|502|172|0|1
BAA01|502|173|0|1
BAA01|502|174|0|1
BAA01|502|175|0|1
BAA01|502|176|0|1
BAA01|502|177|0|1
BAA01|502|178|0|1
BAA01|502|179|0|1
BAA01|502|180|0|1
BAA01|502|181|0|1
BAA01|502|182|0|1
BAA01|502|183|0|1
BAA01|502|184|0|1
BAA01|502|185|0|1
BAA01|502|186|0|1
BAA01|502|187|0|1
BAA01|502|188|0|1
BAA01|502|189|0|1
BAA01|502|190|0|1
BAA01|502|191|0|1
BAA01|502|192|0|1
BAA01|502|193|0|1
BAA01|502|194|0|1
BAA01|502|195|0|1
BAA01|502|196|0|1
BAA01|502|197|0|1
BAA01|502|198|0|1
BAA01|502|199|0|1
BAA01|502|200|0|1
BAA01|502|201|0|1
BAA01|502|202|0|1
BAA01|502|203|0|1
BAA01|502|204|0|1
BAA01|502|205|0|1
BAA01|502|206|0|1
BAA01|502|207|0|1
BAA01|502|208|0|1
BAA01|502|209|0|1
BAA01|502|210|0|1
BAA01|502|211|0|1
BAA01|502|212|0|1
BAA01|502|213|0|1
BAA01|502|214|0|1
BAA01|502|215|0|1
BAA01|502|216|0|1
BAA01|502|217|0|1
BAA01|502|218|0|1
BAA01|502|219|0|1
BAA01|502|220|0|1
BAA01|502|221|0|1
BAA01|502|222|0|1
BAA01|502|223|0|1
BAA01|502|224|0|1
BAA01|502|225|0|1
BAA01|502|226|0|1
BAA01|502|227|0|1
BAA01|502|228|0|1
BAA01|502|229|0|1
BAA01|502|230|0|1
BAA01|502|231|0|1
BAA01|502|232|0|1
BAA01|502|233|0|1
BAA01|502|234|0|1
BAA01|502|235|0|1
BAA01|502|236|0|1
BAA01|502|237|0|1
BAA01|502|238|0|1
BAA01|502|239|0|1
BAA01|502|240|0|1
BAA01|502|241|0|1
BAA01|502|242|0|1
BAA01|502|243|0|1
BAA01|502|244|0|1
BAA01|502|245|0|1
BAA01|502|246|0|1
BAA01|502|247|0|1
BAA01|502|248|0|1
BAA01|502|249|0|1
BAA01|502|250|0|1
BAA01|502|251|0|1
BAA01|502|252|0|1
BAA01|502|253|0|1
BAA01|502|254|0|1
BAA01|502|255|0|1
BAA01|502|256|0|1
BAA01|502|257|0|1
BAA01|502|258|0|1
BAA01|502|259|0|1
BAA01|502|260|0|1
BAA01|502|261|0|1
BAA01|502|262|0|1
BAA01|502|263|0|1
BAA01|502|264|0|1
BAA01|502|265|0|1
BAA01|502|266|0|1
BAA01|502|267|0|1
BAA01|502|268|0|1
BAA01|502|269|0|1
BAA01|502|270|0|1
BAA01|502|271|0|1
BAA01|502|272|0|1
BAA01|502|273|0|1
BAA01|502|274|0|1
BAA01|502|275|0|1
BAA01|502|276|0|1
BAA01|502|277|0|1
BAA01|502|278|0|1
BAA01|502|279|0|1
BAA01|502|280|0|1
BAA01|502|281|0|1
BAA01|502|282|0|1
BAA01|502|283|0|1
BAA01|502|284|0|1
BAA01|502|285|0|1
BAA01|502|286|0|1
BAA01|502|287|0|1
BAA01|502|288|0|1
BAA01|502|289|0|1
BAA01|502|290|0|1
BAA01|502|291|0|1
BAA01|502|292|0|1
BAA01|502|293|0|1
BAA01|502|294|0|1
BAA01|502|295|0|1
BAA01|502|296|0|1
BAA01|502|297|0|1
BAA01|502|298|0|1
BAA01|502|299|0|1
BAA01|502|300|0|1
BAA01|502|301|0|1
BAA01|502|302|0|1
BAA01|502|303|0|1
BAA01|502|304|0|1
BAA01|502|305|0|1
BAA01|502|306|0|1
BAA01|502|307|0|1
BAA01|502|308|0|1
BAA01|502|309|0|1
BAA01|502|310|0|1
BAA01|502|311|0|1
BAA01|502|312|0|1
BAA01|502|313|0|1
BAA01|502|314|0|1
BAA01|502|315|0|1
BAA01|502|316|0|1
BAA01|502|317|0|1
BAA01|502|318|0|1
BAA01|502|319|0|1
BAA01|502|320|0|1
BAA01|502|321|0|1
BAA01|502|322|0|1
BAA01|502|323|0|1
BAA01|502|324|0|1
BAA01|502|325|0|1
BAA01|502|326|0|1
BAA01|502|327|0|1
BAA01|502|328|0|1
BAA01|502|329|0|1
BAA01|502|330|0|1
BAA01|502|331|0|1
BAA01|502|332|0|1
BAA01|502|333|0|1
BAA01|502|334|0|1
BAA01|502|335|0|1
BAA01|502|336|0|1
BAA01|502|337|0|1
BAA01|502|338|0|1
BAA01|502|339|0|1
BAA01|502|340|0|1
BAA01|502|341|0|1
BAA01|502|342|0|1
BAA01|502|343|0|1
BAA01|502|344|0|1
BAA01|502|345|0|1
BAA01|502|346|0|1
BAA01|502|347|0|1
BAA01|502|348|0|1
BAA01|502|349|0|1
BAA01|502|350|0|1
BAA01|502|351|0|1
BAA01|502|352|0|1
BAA01|502|353|0|1
BAA01|502|354|0|1
BAA01|502|355|0|1
BAA01|502|356|0|1
BAA01|502|357|0|1
BAA01|502|358|0|1
BAA01|502|359|0|1
BAA01|502|360|0|1
BAA01|502|361|0|1
BAA01|502|362|0|1
BAA01|502|363|0|1
BAA01|502|364|0|1
BAA01|502|365|0|1
BAA01|502|366|0|1
BAA01|502|367|0|1
BAA01|502|368|0|1
BAA01|502|369|0|1
BAA01|502|370|0|1
BAA01|502|371|0|1
BAA01|502|372|0|1
BAA01|502|373|0|1
BAA01|502|374|0|1
BAA01|502|375|0|1
BAA01|502|376|0|1
BAA01|502|377|0|1
BAA01|502|378|0|1
BAA01|502|379|0|1
BAA01|502|380|0|1
BAA01|502|381|0|1
BAA01|502|382|0|1
BAA01|502|383|0|1
BAA01|502|384|0|1
BAA01|502|385|0|1
BAA01|502|386|0|1
BAA01|502|387|0|1
BAA01|502|388|0|1
BAA01|502|389|0|1
BAA01|502|390|0|1
BAA01|502|391|0|1
BAA01|502|392|0|1
BAA01|502|393|0|1
BAA01|502|394|0|1
BAA01|502|395|0|1
BAA01|502|396|0|1
BAA01|502|397|0|1
BAA01|502|398|0|1
BAA01|502|399|0|1
BAA01|502|0|0|1
BAA01|502|1|0|1
BAA01|502|2|0|1
BAA01|502|3|0|1
BAA01|502|4|0|1
BAA01|502|5|0|1
BAA01|502|6|0|1
BAA01|502|7|0|1
BAA01|502|8|0|1
BAA01|502|9|0|1
BAA01|502|10|0|1
BAA01|502|11|0|1
BAA01|502|12|0|1
BAA01|502|13|0|1
BAA01|502|14|0|1
BAA01|502|15|0|1
BAA01|502|16|0|1
BAA01|502|17|0|1
BAA01|502|18|0|1
BAA01|502|19|0|1
BAA01|502|20|0|1
BAA01|502|21|0|1
BAA01|502|22|0|1
BAA01|502|23|0|1
BAA01|502|24|0|1
BAA01|502|25|0|1
BAA01|502|26|0|1
BAA01|502|27|0|1
BAA01|502|28|0|1
BAA01|502|29|0|1
BAA01|502|30|0|1
BAA01|502|31|0|1
BAA01|502|32|0|1
BAA01|502|33|0|1
BAA01|502|34|0|1
BAA01|502|35|0|1
BAA01|502|36|0|1
BAA01|502|37|0|1
BAA01|502|38|0|1
BAA01|502|39|0|1
BAA01|502|40|0|1
BAA01|502|41|0|1
BAA01|502|42|0|1
BAA01|502|43|0|1
BAA01|502|44|0|1
BAA01|502|45|0|1
BAA01|502|46|0|1
BAA01|502|47|0|1
BAA01|502|48|0|1
BAA01|502|49|0|1
BAA01|502|50|0|1
BAA01|502|51|0|1
BAA01|502|52|0|1
BAA01|502|53|0|1
BAA01|502|54|0|1
BAA01|502|55|0|1
BAA01|502|56|0|1
BAA01|502|57|0|1
BAA01|502|58|0|1
BAA01|502|59|0|1
BAA01|502|60|0|1
BAA01|502|61|0|1
BAA01|502|62|0|1
BAA01|502|63|0|1
BAA01|502|64|0|1
BAA01|502|65|0|1
BAA01|502|66|0|1
BAA01|502|67|0|1
BAA01|502|68|0|1
BAA01|502|69|0|1
BAA01|502|70|0|1
BAA01|502|71|0|1
BAA01|502|72|0|1
BAA01|502|73|0|1
BAA01|502|74|0|1
BAA01|502|75|0|1
BAA01|502|76|0|1
BAA01|502|77|0|1
BAA01|502|78|0|1
BAA01|502|79|0|1
BAA01|502|80|0|1
BAA01|502|81|0|1
BAA01|502|82|0|1
BAA01|502|83|0|1
BAA01|502|84|0|1
BAA01|502|85|0|1
BAA01|502|86|0|1
BAA01|502|87|0|1
BAA01|502|88|0|1
BAA01|502|89|0|1
BAA01|502|90|0|1
BAA01|502|91|0|1
BAA01|502|92|0|1
BAA01|502|93|0|1
BAA01|502|94|0|1
BAA01|502|95|0|1
BAA01|502|96|0|1
BAA01|502|97|0|1
BAA01|502|98|0|1
BAA01|502|99|0|1
BAA01|502|100|0|1
BAA01|502|101|0|1
BAA01|502|102|0|1
BAA01|502|103|0|1
BAA01|502|104|0|1
BAA01|502|105|0|1
BAA01|502|106|0|1
BAA01|502|107|0|1
BAA01|502|108|0|1
BAA01|502|109|0|1
BAA01|502|110|0|1
BAA01|502|111|0|1
BAA01|502|112|0|1
BAA01|502|113|0|1
BAA01|502|114|0|1
BAA01|502|115|0|1
BAA01|502|116|0|1
BAA01|502|117|0|1
BAA01|502|118|0|1
BAA01|502|119|0|1
BAA01|502|120|0|1
BAA01|502|121|0|1
BAA01|502|122|0|1
BAA01|502|123|0|1
BAA01|502|124|0|1
BAA01|502|125|0|1
BAA01|502|126|0|1
BAA01|502|127|0|1
BAA01|502|128|0|1
BAA01|502|129|0|1
BAA01|502|130|0|1
BAA01|502|131|0|1
BAA01|502|132|0|1
BAA01|502|133|0|1
BAA01|502|134|0|1
BAA01|502|135|0|1
BAA01|502|136|0|1
BAA01|502|137|0|1
BAA01|502|138|0|1
BAA01|502|139|0|1
BAA01|502|140|0|1
BAA01|502|141|0|1
BAA01|502|142|0|1
BAA01|502|143|0|1
BAA01|502|144|0|1
BAA01|502|145|0|1
BAA01|502|146|0|1
BAA01|502|147|0|1
BAA01|502|148|0|1
BAA01|502|149|0|1
BAA01|502|150|0|1
BAA01|502|151|0|1
BAA01|502|152|0|1
BAA01|502|153|0|1
BAA01|502|154|0|1
BAA01|502|155|0|1
BAA01|502|156|0|1
BAA01|502|157|0|1
BAA01|502|158|0|1
BAA01|502|159|0|1
BAA01|502|160|0|1
BAA01|502|161|0|1
BAA01|502|162|0|1
BAA01|502|163|0|1
BAA01|502|164|0|1
BAA01|502|165|0|1
BAA01|502|166|0|1
BAA01|502|167|0|1
BAA01|502|168|0|1
BAA01|502|169|0|1
BAA01|502|170|0|1
BAA01|502|171|0|1
BAA01|502|172|0|1
BAA01|502|173|0|1
BAA01|502|174|0|1
BAA01|502|175|0|1
BAA01|502|176|0|1
BAA01|502|177|0|1
BAA01|502|178|0|1
BAA01|502|179|0|1
BAA01|502|180|0|1
BAA01|502|181|0|1
BAA01|502|182|0|1
BAA01|502|183|0|1
BAA01|502|184|0|1
BAA01|502|185|0|1
BAA01|502|186|0|1
BAA01|502|187|0|1
BAA01|502|188|0|1
BAA01|502|189|0|1
BAA01|502|190|0|1
BAA01|502|191|0|1
BAA01|502|192|0|1
BAA01|502|193|0|1
BAA01|502|194|0|1
BAA01|502|195|0|1
BAA01|502|196|0|1
BAA01|502|197|0|1
BAA01|502|198|0|1
BAA01|502|199|0|1
BAA01|502|200|0|1
BAA01|502|201|0|1
BAA01|502|202|0|1
BAA01|502|203|0|1
BAA01|502|204|0|1
BAA01|502|205|0|1
BAA01|502|206|0|1
BAA01|502|207|0|1
BAA01|502|208|0|1
BAA01|502|209|0|1
BAA01|502|210|0|1
BAA01|502|211|0|1
BAA01|502|212|0|1
BAA01|502|213|0|1
BAA01|502|214|0|1
BAA01|502|215|0|1
BAA01|502|216|0|1
BAA01|502|217|0|1
BAA01|502|218|0|1
BAA01|502|219|0|1
BAA01|502|220|0|1
BAA01|502|221|0|1
BAA01|502|222|0|1
BAA01|502|223|0|1
BAA01|502|224|0|1
BAA01|502|225|0|1
BAA01|502|226|0|1
BAA01|502|227|0|1
BAA01|502|228|0|1
BAA01|502|229|0|1
BAA01|502|230|0|1
BAA01|502|231|0|1
BAA01|502|232|0|1
BAA01|502|233|0|1
BAA01|502|234|0|1
BAA01|502|235|0|1
BAA01|502|236|0|1
BAA01|502|237|0|1
BAA01|502|238|0|1
BAA01|502|239|0|1
BAA01|502|240|0|1
BAA01|502|241|0|1
BAA01|502|242|0|1
BAA01|502|243|0|1
BAA01|502|244|0|1
BAA01|502|245|0|1
BAA01|502|246|0|1
BAA01|502|247|0|1
BAA01|502|248|0|1
BAA01|502|249|0|1
BAA01|502|250|0|1
BAA01|502|251|0|1
BAA01|502|252|0|1
BAA01|502|253|0|1
BAA01|502|254|0|1
BAA01|502|255|0|1
BAA01|502|256|0|1
BAA01|502|257|0|1
BAA01|502|258|0|1
BAA01|502|259|0|1
BAA01|502|260|0|1
BAA01|502|261|0|1
BAA01|502|262|0|1
BAA01|502|263|0|1
BAA01|502|264|0|1
BAA01|502|265|0|1
BAA01|502|266|0|1
BAA01|502|267|0|1
BAA01|502|268|0|1
BAA01|502|269|0|1
BAA01|502|270|0|1
BAA01|502|271|0|1
BAA01|502|272|0|1
BAA01|502|273|0|1
BAA01|502|274|0|1
BAA01|502|275|0|1
BAA01|502|276|0|1
BAA01|502|277|0|1
BAA01|502|278|0|1
BAA01|502|279|0|1
BAA01|502|280|0|1
BAA01|502|281|0|1
BAA01|502|282|0|1
BAA01|502|283|0|1
BAA01|502|284|0|1
BAA01|502|285|0|1
BAA01|502|286|0|1
BAA01|502|287|0|1
BAA01|502|288|0|1
BAA01|502|289|0|1
BAA01|502|290|0|1
BAA01|502|291|0|1
BAA01|502|292|0|1
BAA01|502|293|0|1
BAA01|502|294|0|1
BAA01|502|295|0|1
BAA01|502|296|0|1
BAA01|502|297|0|1
BAA01|502|298|0|1
BAA01|502|299|0|1
BAA01|502|300|0|1
BAA01|502|301|0|1
BAA01|502|302|0|1
BAA01|502|303|0|1
BAA01|502|304|0|1
BAA01|502|305|0|1
BAA01|502|306|0|1
BAA01|502|307|0|1
BAA01|502|308|0|1
BAA01|502|309|0|1
BAA01|502|310|0|1
BAA01|502|311|0|1
BAA01|502|312|0|1
BAA01|502|313|0|1
BAA01|502|314|0|1
BAA01|502|315|0|1
BAA01|502|316|0|1
BAA01|502|317|0|1
BAA01|502|318|0|1
BAA01|502|319|0|1
BAA01|502|320|0|1
BAA01|502|321|0|1
BAA01|502|322|0|1
BAA01|502|323|0|1
BAA01|502|324|0|1
BAA01|502|325|0|1
BAA01|502|326|0|1
BAA01|502|327|0|1
BAA01|502|328|0|1
BAA01|502|329|0|1
BAA01|502|330|0|1
BAA01|502|331|0|1
BAA01|502|332|0|1
BAA01|502|333|0|1
BAA01|502|334|0|1
BAA01|502|335|0|1
BAA01|502|336|0|1
BAA01|502|337|0|1
BAA01|502|338|0|1
BAA01|502|339|0|1
BAA01|502|340|0|1
BAA01|502|341|0|1
BAA01|502|342|0|1
BAA01|502|343|0|1
BAA01|502|344|0|1
BAA01|502|345|0|1
BAA01|502|346|0|1
BAA01|502|347|0|1
BAA01|502|348|0|1
BAA01|502|349|0|1
BAA01|502|350|0|1
BAA01|502|351|0|1
BAA01|502|352|0|1
BAA01|502|353|0|1
BAA01|502|354|0|1
BAA01|502|355|0|1
BAA01|502|356|0|1
BAA01|502|357|0|1
BAA01|502|358|0|1
BAA01|502|359|0|1
BAA01|502|360|0|1
BAA01|502|361|0|1
BAA01|502|362|0|1
BAA01|502|363|0|1
BAA01|502|364|0|1
BAA01|502|365|0|1
BAA01|502|366|0|1
BAA01|502|367|0|1
BAA01|502|368|0|1
BAA01|502|369|0|1
BAA01|502|370|0|1
BAA01|502|371|0|1
BAA01|502|372|0|1
BAA01|502|373|0|1
BAA01|502|374|0|1
BAA01|502|375|0|1
BAA01|502|376|0|1
BAA01|502|377|0|1
BAA01|502|378|0|1
BAA01|502|379|0|1
BAA01|502|380|0|1
BAA01|502|381|0|1
BAA01|502|382|0|1
BAA01|502|383|0|1
BAA01|502|384|0|1
BAA01|502|385|0|1
BAA01|502|386|0|1
BAA01|502|387|0|1
BAA01|502|388|0|1
BAA01|502|389|0|1
BAA01|502|390|0|1
BAA01|502|391|0|1
BAA01|502|392|0|1
BAA01|502|393|0|1
BAA01|502|394|0|1
BAA01|502|395|0|1
BAA01|502|396|0|1
BAA01|502|397|0|1
BAA01|502|398|0|1
BAA01|502|399|0|1
